BathyTest Experiment Parameters
Experiment Number 62/112
WaterDepth : 25.000000
Altitude   : 50.000000
HFOV       : 90.000000
Overlap     : 0.800000
Sidelap     : 0.800000
SensorWidth : 20.000000
Resolution  : 2000x2000
FocalLength : 10.000000
