BathyTest Experiment Parameters
Experiment Number 32/112
WaterDepth : 1.000000
Altitude   : 50.000000
HFOV       : 119.995726
Overlap     : 0.800000
Sidelap     : 0.800000
SensorWidth : 20.000000
Resolution  : 2000x2000
FocalLength : 5.774000
