BathyTest Experiment Parameters
Experiment Number 37/112
WaterDepth : 2.000000
Altitude   : 50.000000
HFOV       : 79.997803
Overlap     : 0.800000
Sidelap     : 0.800000
SensorWidth : 20.000000
Resolution  : 2000x2000
FocalLength : 11.918000
