BathyTest Experiment Parameters
Experiment Number 18/112
WaterDepth : 0.500000
Altitude   : 50.000000
HFOV       : 50.000142
Overlap     : 0.800000
Sidelap     : 0.800000
SensorWidth : 20.000000
Resolution  : 2000x2000
FocalLength : 21.445000
