BathyTest Experiment Parameters
Experiment Number 11/112
WaterDepth : 0.100000
Altitude   : 50.000000
HFOV       : 59.998591
Overlap     : 0.800000
Sidelap     : 0.800000
SensorWidth : 20.000000
Resolution  : 2000x2000
FocalLength : 17.321000
