BathyTest Experiment Parameters
Experiment Number 49/112
WaterDepth : 10.000000
Altitude   : 50.000000
HFOV       : 29.999622
Overlap     : 0.800000
Sidelap     : 0.800000
SensorWidth : 20.000000
Resolution  : 2000x2000
FocalLength : 37.321000
