BathyTest Experiment Parameters
Experiment Number 47/112
WaterDepth : 5.000000
Altitude   : 50.000000
HFOV       : 99.999975
Overlap     : 0.800000
Sidelap     : 0.800000
SensorWidth : 20.000000
Resolution  : 2000x2000
FocalLength : 8.391000
